sample	Rx	sex	Nx	Na	Lx	La
A95	0.528077293997	M	485	18976	102269301	2115901698
A96	0.508265863568	M	216	8789	102269301	2115901698
A97	0.951391895041	F	855	18637	102269301	2115901698
A99	0.470804142344	M	425	18703	102269301	2115901698
A100	0.482516212738	M	445	19097	102269301	2115901698
A101	0.520955456557	M	479	19004	102269301	2115901698
A102	0.516440503754	M	468	18734	102269301	2115901698
A104	0.527743680659	M	483	18910	102269301	2115901698
A105	0.991552528633	F	883	18432	102269301	2115901698
A107	0.981935152677	F	881	18579	102269301	2115901698
A109	0.484930793237	M	444	18957	102269301	2115901698
A112	0.954536773372	F	847	18399	102269301	2115901698
A113	0.584185579853	M	537	18941	102269301	2115901698
A114	0.993188147591	F	878	18296	102269301	2115901698
A115	1.01542648543	F	900	18324	102269301	2115901698
A116	0.909531107908	F	810	18506	102269301	2115901698
A117	0.930390206756	F	823	18363	102269301	2115901698
A119	0.949300864519	F	848	18527	102269301	2115901698
A120	0.913008109735	F	820	18660	102269301	2115901698
A123	1.00213712922	F	897	18517	102269301	2115901698
A127	0.975773830029	F	864	18341	102269301	2115901698
A130	0.527739559205	M	482	18871	102269301	2115901698
A131	0.854361958846	F	742	18095	102269301	2115901698
A132	0.474697838021	M	417	18197	102269301	2115901698
A133	0.496437392299	M	445	18549	102269301	2115901698
A134	0.598761656388	M	504	17332	102269301	2115901698
A135	0.623455963353	U	156	5146	102269301	2115901698
A136	0.450722821137	M	407	18727	102269301	2115901698
A137	0.439882879536	M	363	17123	102269301	2115901698
A138	1.20948283164	F	1028	17407	102269301	2115901698
A140	0.925241339023	F	819	18380	102269301	2115901698
A141	0.874622511049	F	775	18444	102269301	2115901698
A142	0.540994635691	M	489	18664	102269301	2115901698
A145	0.500988460141	M	457	18872	102269301	2115901698
A146	0.393114047812	M	356	18833	102269301	2115901698
A147	0.576916709703	M	450	16078	102269301	2115901698
A155	0.49030162063	M	451	19040	102269301	2115901698
A156	0.558516015826	M	475	17546	102269301	2115901698
A169	0.46316543182	M	375	16781	102269301	2115901698
A171	0.838345767517	F	468	11640	102269301	2115901698
A173	0.503506669932	M	310	12736	102269301	2115901698
A176	0.510006069868	M	431	17476	102269301	2115901698
A182	0.814556132423	F	730	18708	102269301	2115901698
A186	0.870268477113	F	777	18588	102269301	2115901698
A192	0.497699061993	M	447	18584	102269301	2115901698
A195	0.508159212086	M	418	17012	102269301	2115901698
A293	0.882987622152	F	784	18474	102269301	2115901698
A306	0.459041983242	M	418	18877	102269301	2115901698
A312	0.499536978199	M	459	19011	102269301	2115901698
A323	0.933464008289	F	828	18411	102269301	2115901698
A331	0.470498777918	M	386	16998	102269301	2115901698
A338	0.900243053797	F	312	7205	102269301	2115901698
A339	0.941899516692	F	839	18481	102269301	2115901698
A341	0.525165184289	M	290	11411	102269301	2115901698
A347	0.97745781895	F	875	18541	102269301	2115901698
A407	0.412456036817	M	123	6196	102269301	2115901698
A409	0.500082934625	M	457	18907	102269301	2115901698
A1673	0.929270516192	F	332	7417	102269301	2115901698
A1674	0.461141506635	M	401	18025	102269301	2115901698
A1675	0.546917982449	M	499	18834	102269301	2115901698
A1676	0.50427722465	M	460	18869	102269301	2115901698
A1678	0.515388849126	M	264	10590	102269301	2115901698
A1681	0.510379466255	M	466	18881	102269301	2115901698
A1682	0.548361335756	M	424	15960	102269301	2115901698
A1683	0.505692557871	M	459	18774	102269301	2115901698
A1731	0.496834777803	M	453	18867	102269301	2115901698
A1745	0.579891236716	M	531	18872	102269301	2115901698
A1746	0.474302296267	M	434	18955	102269301	2115901698
A1748	0.947090927495	F	840	18397	102269301	2115901698
A1750	0.506451962759	M	460	18786	102269301	2115901698
A1752	0.9835798005	F	562	11831	102269301	2115901698
A1753	0.873011463036	F	778	18551	102269301	2115901698
A1754	0.942536618841	F	844	18578	102269301	2115901698
A1755	0.537654122945	M	489	18783	102269301	2115901698
A1756	0.48652978104	M	449	19106	102269301	2115901698
A1757	0.513671948625	M	474	19079	102269301	2115901698
A1760	0.920358046691	F	821	18527	102269301	2115901698
A1761	0.50430376794	M	461	18909	102269301	2115901698
A1769	0.519060858474	M	474	18876	102269301	2115901698
A1770	0.489842770881	M	450	19016	102269301	2115901698
A1771	0.981834302725	F	870	18349	102269301	2115901698
A1772	0.560079937916	M	515	18969	102269301	2115901698
A1773	0.507821523381	M	464	18897	102269301	2115901698
A1917	0.464075283988	M	332	14827	102269301	2115901698
A1918	0.909800469626	F	818	18683	102269301	2115901698
A1920	0.510590595875	M	466	18873	102269301	2115901698
A1921	0.832260824999	F	525	13157	102269301	2115901698
A1925	0.490851404199	M	450	18976	102269301	2115901698
A1927	0.477011167169	M	439	19062	102269301	2115901698
A1933	0.506694282319	M	387	15797	102269301	2115901698
A1941	0.490543432237	M	449	18946	102269301	2115901698
A1942	0.500999112794	M	455	18789	102269301	2115901698
A1943	0.53264206725	M	486	18848	102269301	2115901698
A1944	0.532049820662	M	489	18986	102269301	2115901698
A1945	0.97088226181	F	850	18139	102269301	2115901698
A1946	0.46683260774	M	418	18555	102269301	2115901698
A3643	0.945123195956	F	841	18459	102269301	2115901698
A3644	0.518239644941	M	471	18787	102269301	2115901698
A3645	0.493058966448	M	451	18931	102269301	2115901698
A3646	0.544734481996	M	247	9361	102269301	2115901698
A3647	0.871770875766	F	466	11128	102269301	2115901698
A3648	0.933794939402	F	836	18582	102269301	2115901698
A3649	0.91064101823	F	818	18665	102269301	2115901698
A3650	0.476937852491	M	432	18761	102269301	2115901698
A3651	0.958738392198	F	862	18639	102269301	2115901698
A3928	0.938649570954	F	644	14237	102269301	2115901698
A4098	0.457837854762	M	284	12860	102269301	2115901698
A5390	0.506696171623	M	464	18940	102269301	2115901698
A5391	0.953360507922	F	854	18575	102269301	2115901698
A5392	0.506397716318	M	454	18543	102269301	2115901698
A5393	0.535355673124	M	486	18750	102269301	2115901698
A5394	0.482131404327	M	437	18769	102269301	2115901698
A5883	0.485760880526	M	235	10016	102269301	2115901698
A5889	0.46823967668	M	422	18675	102269301	2115901698
A11725	0.509009408281	M	415	16861	102269301	2115901698
A16510	0.519259051555	M	472	18789	102269301	2115901698
